47 3
37 49
4 20
26 24
100 68
87 10
87 47
95 74
38 10
63 9
43 18
81 86
3 64
27 63
33 48
97 36
79 70
16 18
59 41
78 4
95 59
19 65
90 74
65 71
67 74
92 41
48 11
86 38
48 90
31 23
70 25
77 62
62 20
81 18
55 92
81 96
75 98
79 96
34 47
16 77
53 99
23 53
96 40
77 28
24 7
76 36
11 83
68 8
13 50
38 23
75 84
61 89
76 97
7 80
4 19
56 43
18 2
91 80
50 77
62 97
11 71
32 2
95 22
70 85
41 51
58 22
96 63
28 98
22 58
12 76
52 74
25 67
45 39
16 12
43 6
84 43
25 80
2 92
31 90
15 29
40 48
93 59
98 19
91 99
40 2
93 66
33 24
35 24
46 24
38 18
90 11
57 80
54 89
59 79
46 91
82 48
27 87
44 29
84 81
2 72
13 7
94 67
12 85
25 71
13 47
90 1
35 64
71 74
54 99
74 79
57 49
73 62
47 59
38 65
94 45
49 13
18 72
63 22
16 93
89 50
74 100
83 87
92 4
35 55
73 44
59 51
8 23
66 16
46 17
19 10
45 67
31 22
100 50
37 8
66 59
52 83
21 2
62 85
18 61
81 6
39 44
98 72
2 75
65 21
90 84
96 98
96 63
17 96
27 20
75 77
49 73
61 100
46 41
33 43
52 73
48 43
24 61
51 98
27 76
76 60
49 53
99 19
5 21
11 90
27 7
37 12
82 13
27 11
45 42
86 12
19 14
2 10
68 90
43 72
92 37
98 55
57 74
94 69
45 65
17 64
100 93
43 26
40 93
57 23
78 80
40 21
50 30
13 12
43 16
17 55
45 63
30 61
56 54
69 57
22 19
42 74
34 5
78 99
100 3
52 80
65 56
16 49
75 18
18 35
65 81
90 62
53 39
21 91
8 54
54 55
16 98
88 24
33 49
89 38
49 64
60 19
62 57
93 61
18 54
61 73
51 73
5 66
25 27
82 75
35 85
39 79
86 92
25 34
90 45
73 16
88 64
61 38
41 99
51 93
44 2
49 9
63 47
42 47
84 64
11 31
99 92
7 16
37 55
6 65
83 77
100 21
25 31
62 79
90 47
38 93
76 42
91 63
62 91
85 33
99 6
6 33
95 74
67 62
32 4
70 35
73 6
40 96
31 45
28 81
77 68
55 80
67 6
67 23
1 78
86 71
33 29
60 27
11 51
14 31
8 92
87 30
5 20
8 94
74 46
7 40
83 43
56 34
73 9
97 42
54 87
38 86
87 76
89 24
2 76
76 13
60 5
75 29
77 37
29 59
99 62
95 44
74 43
44 21
49 13
77 2
14 34
92 29
96 57
81 53
94 84
97 33
17 48
27 32
59 15
69 82
66 4
52 13
35 100
48 47
56 4
94 13
6 12
93 13
13 99
43 12
54 24
49 98
30 69
7 12
69 90
70 36
66 66
57 56
15 35
74 41
89 48
53 10
72 92
95 82
5 1
17 91
62 55
93 33
52 100
42 95
72 33
20 21
32 42
71 3
80 35
77 70
76 95
10 49
90 91
16 12
89 85
29 8
66 61
96 74
2 44
50 95
17 84
17 4
67 66
62 92
43 49
49 31
47 90
37 98
82 28
56 18
69 45
24 97
26 71
15 24
93 87
13 98
39 4
79 66
35 96
58 14
1 12
95 40
91 57
53 77
34 76
45 76
20 14
33 1
66 60
45 100
5 52
20 78
25 12
77 31
70 77
26 53
84 56
49 72
39 96
4 35
49 85
85 100
74 8
61 60
57 61
14 74
33 10
66 42
41 25
84 70
13 17
51 45
22 50
62 56
44 71
28 35
46 58
51 36
52 87
73 58
53 41
42 41
57 14
33 2
89 38
87 80
19 16
49 7
81 93
99 100
93 34
42 80
63 36
79 13
2 11
90 76
50 92
69 10
11 21
95 63
19 15
18 80
58 18
96 69
99 94
30 79
83 5
61 84
42 50
34 70
11 4
99 33
34 7
32 53
4 33
41 43
2 69
49 92
34 23
20 85
2 52
18 66
57 35
83 42
29 81
55 72
59 6
47 96
98 86
94 37
2 95
3 84
41 92
56 34
80 59
68 6
24 47
99 1
25 30
58 91
99 23
74 63
24 92
69 87
42 99
64 7
17 87
36 89
82 30
96 58
27 29
89 100
52 44
25 23
75 100
15 73
36 71
71 54
71 76
58 81
42 84
32 99
80 1
54 50
