55 97 34
38 71 53
24 13 7
84 42 8
77 2 30
8 58 67
32 57 26
3 89 90
48 17 77
64 85 45
4 16 37
80 39 34
38 32 47
100 45 61
71 24 41
44 70 30
71 91 21
10 56 98
63 51 69
65 83 53
40 90 51
56 41 57
94 46 60
56 73 62
95 61 91
87 65 1
90 1 29
7 11 30
56 8 41
66 1 58
59 49 6
39 84 75
29 25 31
10 71 88
85 43 34
81 42 7
21 55 46
16 52 84
76 93 73
92 56 30
26 49 19
30 3 87
59 15 64
36 95 4
28 42 68
43 68 28
9 64 59
78 25 11
27 73 46
58 32 92
16 67 86
33 45 41
2 15 44
22 14 85
20 46 50
84 86 82
54 87 83
100 12 80
36 58 64
78 69 82
9 26 61
22 48 3
48 61 51
36 31 90
67 40 16
60 98 92
90 28 84
45 20 5
11 76 3
41 74 64
56 52 59
16 98 93
48 82 68
52 59 16
67 49 27
45 47 60
23 44 10
26 54 2
81 23 53
46 62 25
85 58 71
45 86 64
49 42 1
87 50 67
18 52 49
54 73 81
79 68 26
85 84 27
97 71 49
27 9 21
88 96 53
53 70 13
87 99 60
60 77 100
29 86 63
48 5 2
95 72 66
84 66 23
97 19 15
23 28 93
73 11 75
100 34 24
69 92 82
81 40 70
75 68 5
68 34 24
3 67 40
32 51 42
21 34 85
22 65 26
6 65 65
94 25 8
100 55 53
77 38 74
20 67 87
12 15 10
73 24 66
30 88 92
55 20 75
26 83 12
40 17 8
22 94 15
11 60 47
11 85 1
28 82 18
88 45 91
53 52 9
79 91 32
47 53 93
42 41 31
88 29 58
27 17 33
23 46 40
49 15 64
98 87 15
45 88 46
21 22 98
45 5 47
70 100 17
49 17 21
98 77 84
2 1 33
69 54 41
87 98 41
16 100 30
80 40 2
27 30 47
47 63 30
18 10 91
10 71 20
87 9 51
91 99 61
55 70 28
60 32 98
23 78 18
53 3 12
34 11 3
15 39 17
69 58 83
66 22 38
67 76 67
82 16 11
1 72 2
19 55 96
15 11 84
50 89 47
88 66 14
46 59 40
13 13 53
78 57 57
70 68 62
68 66 59
84 87 73
54 64 43
53 37 66
82 36 27
49 85 14
99 75 93
32 51 69
42 23 26
91 96 48
41 24 9
23 57 48
65 17 59
99 62 98
24 79 15
65 52 82
31 16 51
62 18 30
12 87 9
5 70 55
100 40 55
85 9 15
44 19 19
39 55 49
81 63 65
79 65 21
81 97 90
70 17 30
90 49 21
3 77 9
57 45 43
30 56 81
84 49 7
45 98 23
67 88 35
11 100 8
54 89 99
4 49 84
10 88 37
93 55 73
46 6 28
50 82 53
27 69 45
72 35 76
62 79 41
27 5 94
44 50 68
1 76 12
97 11 26
84 83 13
19 77 77
92 22 81
48 74 72
87 40 75
7 33 19
61 59 57
54 13 38
8 37 69
54 46 53
9 4 13
84 31 20
67 69 68
52 83 19
57 7 24
5 3 52
71 25 58
12 68 62
30 77 59
7 88 12
20 37 57
49 35 4
57 86 100
43 33 14
48 94 26
73 25 30
22 62 35
64 6 52
91 6 7
98 78 79
96 82 75
54 28 85
51 11 3
81 54 34
19 35 3
100 89 24
80 88 35
69 28 59
41 87 66
73 32 45
10 45 79
76 64 99
44 71 97
80 95 61
98 26 74
97 17 19
1 42 95
5 99 88
24 100 82
26 44 76
71 41 3
93 29 14
5 40 36
64 80 37
63 99 45
60 39 69
21 25 43
6 8 24
100 67 11
5 95 87
11 54 26
87 31 7
76 80 84
14 68 32
53 20 48
33 29 71
33 78 47
100 31 52
9 94 40
56 22 96
38 96 86
55 4 83
53 82 2
7 19 65
45 58 83
99 78 21
3 100 68
86 44 66
41 88 88
46 98 21
16 71 79
92 97 88
34 48 79
52 12 6
88 84 6
51 79 76
65 66 44
2 29 58
36 88 25
94 3 12
35 95 50
83 72 95
40 88 6
79 45 52
74 73 53
27 59 67
92 76 16
8 18 5
31 29 22
46 82 31
20 69 62
21 72 100
71 53 59
32 22 76
100 69 56
24 52 74
24 49 19
71 21 19
27 34 98
12 91 72
33 34 61
77 95 16
29 50 33
74 50 7
94 63 20
72 1 27
100 86 38
50 67 1
98 80 41
20 10 35
39 70 78
58 1 42
90 40 61
81 86 75
49 1 56
7 68 22
91 54 28
47 80 33
85 26 72
9 82 92
80 9 12
39 84 73
95 30 48
36 5 49
38 14 96
59 46 36
20 17 84
34 18 72
10 35 100
22 10 60
36 85 95
23 29 77
37 50 21
49 52 77
41 34 24
53 19 100
83 36 78
18 12 66
5 9 17
16 65 60
78 92 53
91 79 81
44 55 79
38 94 82
86 27 88
40 74 39
46 9 63
97 51 9
1 37 16
79 56 64
27 82 74
89 100 87
41 50 9
48 67 3
5 37 82
1 47 2
14 28 53
41 55 11
93 82 29
17 49 21
19 62 87
51 23 59
32 33 19
63 73 57
49 99 80
59 37 16
97 38 1
12 85 92
74 55 84
69 29 30
79 35 46
75 53 58
40 94 83
55 31 75
20 79 36
44 46 95
66 20 35
10 42 4
36 43 88
5 71 41
29 70 94
78 90 74
8 100 71
43 56 11
17 84 65
12 22 36
87 26 81
60 20 79
39 22 39
50 18 25
31 48 69
98 22 89
54 25 40
13 86 44
87 33 68
44 20 69
5 22 63
3 7 41
57 25 14
24 2 83
7 66 96
37 65 15
39 85 90
41 98 78
14 35 31
84 75 87
78 26 57
3 90 54
3 19 89
89 28 1
46 48 87
29 36 55
16 80 57
93 15 97
18 69 23
27 50 80
57 19 59
67 56 49
8 88 89
81 81 52
12 61 37
9 34 62
58 79 35
53 36 73
35 71 63
7 41 72
15 46 35
89 34 79
45 45 53
16 82 56
61 81 52
40 88 37
33 4 76
46 74 78
60 66 64
100 30 23
79 79 30
45 19 48
52 84 11
56 61 43
72 36 44
63 30 26
48 20 11
20 26 30
44 47 53
44 58 75
50 35 74
70 19 89
80 30 48
69 55 53
88 92 65
92 22 42
23 80 95
3 76 33
9 40 59
44 67 57
67 1 20
98 74 7
18 31 62
72 63 13
73 20 46
19 17 73
92 62 7
24 87 17
8 41 5
80 77 34
26 51 25
86 83 47
55 40 99
43 70 62
80 58 64
45 27 73
86 15 90
58 22 4
2 3 32
33 69 90
23 20 70
82 100 93
24 88 88
67 34 43
59 59 72
70 70 44
15 13 22
33 11 47
35 43 54
88 67 8
17 69 13
98 67 37
34 95 66
55 55 55
99 6 25
60 38 98
33 2 10
96 16 24
43 74 63
1 25 32
17 56 82
55 38 40
77 56 29
12 58 30
54 80 74
81 41 36
27 86 86
97 33 25
13 31 91
49 18 39
37 40 47
78 52 87
27 54 29
36 56 67
79 39 94
31 11 18
29 100 54
58 8 27
78 36 55
11 51 53
20 35 45
39 36 49
82 56 49
48 93 56
79 73 94
79 42 30
78 52 3
56 24 74
13 31 78
86 4 40
82 22 13
43 48 73
80 23 61
96 97 99
86 73 99
42 51 10
16 15 43
68 87 40
65 10 19
49 82 54
52 82 29
100 96 25
4 71 8
85 64 81
78 85 5
90 99 65
33 48 50
45 3 5
83 11 52
98 19 45
16 89 25
28 39 43
2 67 80
21 2 38
36 84 62
24 36 3
79 19 92
33 41 4
100 84 53
17 61 94
61 12 57
6 25 51
37 3 83
56 24 10
40 48 8
49 55 23
24 69 35
8 33 60
97 40 67
12 32 52
37 61 16
76 26 34
87 2 38
40 59 1
