678 20130320 2
890 20120216 1
123 20120215 4
890 20160612 3
456 20160604 5
567 20120206 2
567 20120226 1
567 20130322 2
234 20160600 1
123 20120217 4
567 20100102 2
234 20130305 1
234 20160614 1
678 20120210 3
890 20100126 2
789 20100109 5
890 20140412 3
123 20130303 3
789 20140423 4
123 20130316 4
678 20150518 3
345 20150510 3
345 20130316 3
567 20130325 1
234 20150522 3
456 20140402 5
456 20160609 2
234 20100105 4
890 20130300 1
345 20130307 3
678 20130316 2
345 20100126 3
123 20130306 3
456 20150522 1
789 20120200 3
678 20130300 4
789 20140412 5
789 20100110 5
234 20100110 1
456 20140404 2
345 20120207 2
890 20160602 5
678 20100121 4
123 20150514 4
456 20160602 2
789 20100120 3
890 20130324 2
567 20100114 1
234 20100109 5
567 20160613 1
789 20130318 5
456 20150509 5
678 20120210 2
123 20120206 4
456 20120207 2
123 20140416 5
789 20100106 4
890 20140427 3
345 20150516 3
123 20160614 3
678 20150503 4
456 20100115 5
567 20100123 1
567 20130316 2
890 20140404 3
123 20130306 4
345 20160625 3
345 20130308 2
123 20130318 5
345 20160603 2
567 20160627 2
678 20160601 4
234 20130326 2
567 20120222 1
789 20120223 3
789 20130315 5
345 20160619 1
890 20100127 2
890 20130300 3
123 20150521 3
345 20150515 1
345 20160622 2
456 20140427 2
123 20140402 3
234 20150518 2
789 20140417 3
789 20130300 4
234 20140401 1
789 20140426 4
123 20100111 4
456 20120226 5
234 20140410 1
234 20150502 5
890 20150518 4
567 20120200 3
678 20140413 2
345 20140412 2
890 20120221 5
123 20150512 4
123 20140419 4
890 20120220 4
456 20150527 4
456 20140413 3
456 20150526 5
234 20140423 1
234 20150526 3
234 20160606 4
789 20130312 3
789 20100103 5
234 20160621 4
789 20160602 5
678 20140417 4
567 20100124 1
567 20100125 1
345 20130307 1
456 20160615 3
567 20120220 2
234 20150525 3
345 20120200 1
567 20160614 3
345 20150520 2
345 20100106 2
345 20100108 1
890 20120208 4
678 20130300 4
567 20140422 2
789 20130312 5
567 20120225 1
567 20160605 2
678 20130322 3
567 20140410 2
567 20150525 3
234 20120215 4
456 20120216 3
789 20150519 3
123 20120222 4
234 20120224 4
567 20120219 2
234 20100109 1
678 20160608 4
678 20160616 2
234 20130303 4
890 20160624 2
456 20140407 5
567 20160621 1
567 20130323 1
234 20160610 5
123 20160609 5
123 20100121 5
890 20160607 2
345 20100105 1
567 20130317 3
345 20100102 3
456 20140421 5
890 20100113 4
789 20150521 4
789 20120203 3
789 20130314 3
456 20140412 5
789 20140413 4
789 20160604 4
678 20140406 3
678 20150515 3
123 20160627 5
890 20120223 5
789 20130304 5
456 20150514 5
345 20120226 3
345 20120226 1
123 20120218 5
234 20160611 3
123 20130308 4
789 20100105 3
678 20100114 4
678 20140407 2
345 20160619 1
890 20160618 3
345 20140409 1
345 20130322 1
345 20160612 3
345 20100103 1
345 20100100 1
123 20120206 3
567 20130314 2
456 20160608 2
567 20130310 2
789 20120211 3
123 20160604 3
123 20130305 5
345 20140405 1
456 20120202 1
456 20160603 3
123 20160614 3
345 20120206 2
234 20120215 3
890 20140426 3
567 20120216 2
789 20150508 5
789 20100105 4
678 20140411 4
123 20120214 4
678 20100127 2
345 20140414 1
567 20150513 3
456 20130317 2
123 20150501 5
123 20150517 4
678 20160621 3
123 20130301 4
678 20150518 3
345 20150508 1
345 20160601 1
567 20130323 1
678 20140403 3
345 20160610 3
890 20160602 5
456 20130325 1
123 20120218 4
123 20120213 4
234 20150527 4
678 20140409 3
123 20150525 3
678 20100105 4
345 20150500 1
890 20130322 3
456 20160625 2
123 20130320 5
890 20140411 2
345 20100127 2
123 20130308 4
678 20150526 3
890 20120222 2
567 20150513 1
890 20100105 5
234 20120220 5
123 20140412 5
789 20130307 5
890 20140408 4
123 20100108 3
345 20100106 2
123 20150510 4
123 20140426 5
123 20150527 3
678 20150519 4
678 20160624 4
890 20150506 3
789 20140405 5
789 20140411 5
345 20140427 2
123 20120202 3
234 20100109 1
345 20100106 1
456 20120223 3
123 20100101 4
890 20120200 1
678 20140404 4
345 20120214 2
345 20100126 2
789 20160613 3
890 20160603 2
789 20140408 3
890 20150507 1
890 20130305 4
123 20100118 3
789 20100120 5
456 20130304 4
234 20150512 2
234 20130320 5
456 20100102 4
678 20160617 3
567 20100113 3
234 20150518 1
567 20100101 3
123 20130327 3
567 20120200 3
789 20130326 5
789 20140408 4
890 20160627 4
678 20130321 2
789 20130319 5
678 20160612 3
456 20130327 4
678 20100121 4
123 20130307 3
890 20140408 2
123 20140404 3
234 20140407 1
456 20120219 5
345 20150510 3
456 20100127 3
678 20140400 2
890 20160611 1
123 20150520 5
345 20100111 3
567 20140414 3
789 20150527 5
345 20100108 3
890 20120203 2
567 20100119 2
456 20130301 3
234 20160625 1
345 20100105 2
345 20130323 3
890 20100110 2
123 20160620 5
678 20120208 3
567 20120212 3
678 20120225 4
890 20130316 1
345 20160613 2
234 20100112 1
890 20130306 2
678 20120208 4
567 20140419 3
456 20100121 2
890 20130322 3
789 20150500 5
234 20120204 5
678 20130303 2
678 20100116 4
678 20100100 3
123 20160604 3
345 20120225 3
789 20120209 3
567 20120216 1
234 20120214 3
678 20100124 4
890 20140413 5
234 20140422 4
123 20140400 3
567 20100121 1
234 20120211 5
789 20150500 3
890 20150523 4
123 20150525 5
345 20150506 2
789 20160604 5
567 20150524 1
567 20130322 3
890 20150513 1
789 20160607 4
345 20140415 1
789 20100105 4
456 20130300 2
234 20160623 1
678 20120221 4
456 20130302 1
234 20160601 4
456 20140427 2
567 20100117 2
234 20150524 3
456 20140405 4
678 20160612 4
678 20140408 2
456 20140422 5
567 20120213 1
234 20150526 5
789 20100118 5
345 20160612 2
567 20140421 2
567 20150507 3
456 20130300 3
345 20140410 2
234 20130325 5
234 20140412 2
345 20130319 2
234 20140415 2
789 20120200 4
678 20130324 4
890 20140417 4
890 20140407 3
456 20120227 3
234 20140420 4
789 20160621 5
234 20150507 4
567 20160604 1
234 20130305 5
567 20140424 1
890 20160626 2
890 20120204 4
456 20120214 4
567 20140415 1
456 20130300 4
789 20130303 4
123 20130311 5
890 20100121 2
789 20140407 5
678 20160625 4
890 20160623 1
567 20150518 1
456 20100111 4
123 20150526 4
123 20100105 3
890 20130325 2
789 20100113 4
345 20100125 1
234 20150507 4
123 20160603 3
789 20160609 3
345 20120216 2
345 20140404 2
567 20100110 1
345 20140422 1
345 20160624 1
123 20140413 3
345 20100120 3
345 20130307 2
567 20160613 1
123 20120225 4
234 20160607 2
678 20140425 3
678 20100116 4
123 20150505 4
567 20100108 1
678 20100105 3
678 20140418 2
789 20140404 3
456 20140401 4
456 20130327 4
123 20130311 5
123 20120202 3
567 20100105 2
567 20100100 1
345 20160612 1
123 20160600 4
789 20150515 3
123 20120209 3
678 20130306 4
678 20150511 4
890 20130301 4
678 20100104 4
890 20130317 3
789 20100119 5
789 20150504 3
789 20100122 4
456 20150525 4
567 20130324 2
345 20140413 3
234 20120201 1
234 20160618 4
890 20140403 1
567 20100118 1
789 20150509 4
345 20150506 2
678 20130312 2
234 20140406 5
345 20160603 3
456 20120224 5
567 20140413 3
123 20120215 3
234 20140408 3
678 20120212 2
345 20120209 3
678 20160606 3
678 20100111 2
890 20150515 3
789 20160626 5
456 20120226 4
456 20120208 4
567 20130312 2
789 20150519 3
123 20150526 4
567 20120209 2
890 20150501 4
789 20120227 3
123 20130322 3
234 20130310 1
345 20150513 1
789 20130326 3
345 20140403 3
678 20150509 3
678 20160609 4
890 20160627 2
789 20150517 3
123 20140421 3
678 20150519 3
678 20130319 2
234 20130319 1
345 20150520 3
123 20150515 4
456 20120215 5
678 20160613 4
456 20120207 5
890 20150516 4
678 20130320 3
678 20150504 2
789 20140425 3
678 20160615 2
123 20140406 3
456 20130300 2
456 20150508 2
123 20160619 4
234 20160614 5
345 20160609 3
345 20120212 3
345 20150520 2
567 20140400 2
678 20100103 2
234 20150522 4
890 20160619 2
890 20120212 2
345 20100119 2
234 20160619 2
123 20130308 5
345 20100106 2
456 20140418 3
345 20130321 1
890 20160618 4
567 20120209 2
456 20150517 5
567 20160622 1
890 20130307 4
123 20120217 5
567 20100105 3
456 20150516 2
678 20100119 4
678 20140427 2
567 20100111 2
456 20140418 2
123 20100127 4
456 20150523 2
678 20140413 4
789 20150502 4
234 20160602 2
234 20150516 2
234 20130318 3
567 20120219 1
456 20140415 3
567 20130303 2
345 20130303 3
456 20120208 5
567 20140414 2
789 20130309 3
678 20130312 2
789 20150516 3
789 20130312 5
567 20150501 2
456 20100124 5
789 20130324 5
567 20130313 1
567 20130316 2
123 20120218 3
345 20100106 1
345 20130309 3
345 20100112 2
456 20100116 3
456 20160623 4
567 20120221 1
890 20150507 2
234 20120222 5
123 20160618 3
890 20150509 1
234 20100116 5
678 20130301 3
567 20150511 3
890 20140407 5
678 20140423 2
890 20160610 4
345 20150526 2
567 20160627 2
345 20160609 3
789 20150511 3
345 20160601 1
123 20140423 4
123 20160612 5
123 20160610 4
456 20100114 2
456 20160603 4
234 20160602 1
890 20160614 5
234 20150524 2
456 20100120 4
567 20100108 2
