1497139085
350709696
1682733304
1486492985
1810333344
724201912
1871707435
1446398789
109562683
1026527702
2114951163
834871397
25419881
2030177861
1979126291
801364454
1662428041
1665837617
988522980
1172231668
682666498
1718189612
400207675
371611321
789026571
458058572
2009028756
860920311
1890337138
1023204648
2098957407
463270180
1553694885
1696268322
1336273929
371944377
2091731469
1423498093
1764621471
1243898027
440836244
316170758
1007387028
392706648
1003385705
1861947691
623138553
1959397499
2079522595
239899240
1159721261
873653455
1147923646
159633674
756083815
839939406
1451584911
1373369257
1062864443
793717755
1993376768
1938446576
2144677842
87475599
1323577845
1737225289
357767611
46026477
472886019
2105827433
2111163871
1606364163
2145561104
2047558151
2031884329
594962909
857751131
165536406
1179052777
1508412170
838888355
966439930
1537081249
1643762180
1481324252
838783693
1354869343
1519938660
1291077555
965697597
1945592400
1985457578
1984606360
563087316
1995571330
167744464
1782661584
1648882991
1647448849
1166144372
1452697682
748358631
1999274385
127964086
1061262755
1791434950
926473710
1987203220
1258840396
321645328
676688197
25132467
1494578057
257185040
1771869516
655222463
27793825
1126865376
568091539
202201411
1079985123
778177817
659160089
1782964597
299171541
916871960
1671864495
1350530117
1605011276
882425765
407766173
705752034
1022253057
1137952999
86694011
1072330211
971090653
244887771
1250099545
1590534214
232096842
1021320542
497558923
171497443
434470227
696705389
1446629479
1839285866
1997934944
1238299316
832580935
184330693
1374538277
1383230760
1448904545
1421614482
171542452
1190936490
1521997390
1532414313
515980120
538910254
1526099579
1758428132
231664510
197567559
508245851
1545553638
157799754
2145645080
1311459136
2069029591
2125123713
6227487
1586158953
1859012860
689557817
1576471107
96658663
1044511909
1580323985
427469799
1152112578
1843537094
433879942
1513203629
1912044829
792147295
1368459312
145797414
138295871
761397843
2105978475
354759471
1027825025
296738707
830420215
376331652
666734749
241256397
347138843
1796949049
1260138782
668782360
295716122
823703296
1301707310
1378847181
788536290
807840393
981868817
1004863771
933999189
1766393600
963299072
288288371
539543765
1436100721
976109214
839980265
2138302124
304965523
1659563319
763095197
568636095
764619515
418044957
1662582962
2122111217
914814743
1455956728
1836053578
1359961703
1207887300
798936009
1649742219
1056108316
1060124557
1989093987
824706660
985376882
1982853757
1171859753
874342034
1983452664
500271467
664067864
516076789
16142490
723889908
922823501
767682673
360933935
1722826417
1021578018
529990761
1940036018
941142125
1558634720
968212934
1271188419
1696437777
2036820467
1952255689
158722510
474535996
1919703461
661756499
323670880
360402309
1377722823
1218804207
1743281963
1220556120
1122912696
707391836
665117860
983490385
341269736
1939115462
501742962
1773164212
940341665
990205382
1531074671
1622937143
1514761854
183844993
1801312965
1590030996
364446504
629031484
70157407
167017246
297726893
258993141
2095851965
1957197661
1614067328
616152792
513829310
897468583
1976821600
721128463
1755857620
2126225913
1351033711
1478981046
111226097
1066239389
1681860355
1847224671
133960818
916606070
1498018559
99643685
1821652782
1991435442
1522835199
581084647
1681519220
408736020
1973585034
11254876
182139996
