6666
8427
9211
7709
1431
9028
4810
8568
3901
5997
3299
5675
6614
6143
3140
4513
2733
5290
9742
2390
6481
5585
9842
6243
8148
6045
4538
4012
3950
7889
5746
7180
5368
1926
6596
9332
8954
9282
4509
1303
1171
4035
7226
3779
4694
8169
2068
8039
4360
2241
1088
7517
2479
4659
9591
5200
4362
5549
8728
1839
4201
2899
3172
3223
2848
2071
1426
4898
5313
2014
1457
1340
8519
9414
4865
8934
2184
3358
6792
7745
4586
8713
5803
3415
3392
9526
2696
4742
6231
2253
4227
4717
6133
7136
6809
1674
6891
2666
2549
6977
6817
6789
4173
6497
5759
3398
4491
4053
3784
2221
9735
2574
5250
3812
2817
3482
5621
9595
7506
3384
5607
2725
3035
6076
5319
9298
9120
4810
3759
5169
8920
4237
9275
9789
3906
5159
9935
7181
5034
7094
4320
2246
6378
3094
7533
1420
7003
1697
2388
1796
8935
3961
8416
4115
3421
9625
9160
6601
9836
6270
2248
1707
9410
3221
2871
5556
1484
2305
6598
2527
3283
1082
3678
4204
2007
7765
7316
1210
3209
1190
4748
6328
1206
8082
3157
1238
8722
4048
8735
4868
3712
1439
4425
5359
8208
2483
7268
5613
4480
5840
2436
5707
8822
6791
6220
1552
7527
3663
7468
4264
3688
2833
3338
8243
6833
3437
1948
7485
5062
1887
8874
5587
4112
8434
7350
9934
6597
6012
4415
4422
4338
7547
5798
5466
9955
3097
3259
1070
2336
2930
2310
2322
2194
4712
3977
8817
8053
2286
5303
2533
5045
1287
4825
2674
7234
3729
4062
6390
2026
9283
1703
6338
9125
7798
9466
9931
8199
1875
7695
4345
6618
8995
5240
4943
7546
1037
6266
1829
9072
1443
1515
5389
1320
4256
5940
7527
3144
4633
6537
1674
7428
1079
7197
6643
2059
8740
2498
4577
8396
1729
2419
4609
5264
3734
6958
9629
9411
3523
2189
6921
5217
4998
7272
3047
6624
8107
2016
7693
6785
3281
4282
1983
6360
3267
4384
4157
2192
2623
8528
1821
4011
1652
5698
6190
5983
8948
4724
8323
7332
5870
8285
5869
8945
4532
7055
1498
3633
6486
2252
1111
3903
3014
9964
1243
7243
3919
6764
4085
6603
9843
6607
2697
1772
9970
2512
9590
4303
1608
2108
1640
5348
3714
5621
2312
6667
6491
9946
4680
3269
5380
3497
1395
2345
2361
5084
5727
8907
6300
6587
3266
1579
8870
2861
6334
6100
7128
7882
9870
6658
9023
2415
8772
8970
7439
1645
9033
6729
2480
2711
7089
1155
5024
3594
9241
2267
3379
1603
1885
8220
7997
2041
1753
3374
8964
5880
7973
9368
3964
5164
4690
2082
2942
3625
8529
5617
3576
4137
9403
9489
1078
9920
2026
3263
1892
4022
9268
6363
1910
1430
3101
8670
6966
6393
2105
1058
8608
2373
9180
2726
3407
1521
4989
8943
4944
3204
9425
2078
7356
9612
7209
9028
3769
7168
5394
4452
8890
8330
7321
3253
3613
6624
7828
5218
9148
4754
1335
2539
5939
3899
1342
4070
1008
2018
3929
4815
9026
7269
2288
5891
5024
9583
5153
6668
9929
4782
8111
9781
1686
5043
4418
2002
8809
9158
5631
3601
3286
1756
9540
2465
2363
8011
3812
7901
8625
3052
3762
6396
6843
9713
3863
5411
7372
8247
2199
2164
1920
4772
1160
9026
8971
4738
1600
5561
9052
7281
9711
8452
6031
4339
5895
4336
2852
3163
8551
3726
4021
1316
1553
5306
7434
7622
8437
6583
6441
6201
8146
8551
7532
7063
9172
6416
6413
5229
1164
5196
9111
7097
2626
5937
7345
9781
4843
9915
1109
9509
7631
3936
2235
7105
3118
8563
3988
1794
8100
5994
3552
3293
2813
5974
1297
1770
1771
3216
5873
2514
9654
8974
1519
9442
3165
1584
5601
3136
2705
3874
2079
5889
7197
4580
9679
3733
8670
7887
5251
2112
1313
8311
8244
5471
7062
4609
6496
8288
5758
4750
7665
9402
8668
4833
9516
6289
5627
4742
7170
3007
1228
4383
3714
5581
3337
9662
1240
7943
2825
7081
3483
3308
2022
3968
6353
4646
6228
5389
1847
3587
7345
2493
8989
8413
5693
2610
4913
2766
5665
5160
5927
4065
9091
7333
1290
9110
7992
8139
1310
1994
5843
6752
6279
9946
5539
9378
4367
8053
1663
3410
1601
9085
7476
7998
2339
1473
1072
2274
8237
7801
8882
4312
2849
6617
9177
6897
2668
9384
6178
3182
4104
7501
1784
7259
7834
5515
5653
1987
4180
5104
7844
6337
7421
7517
7760
2253
3820
1744
5126
6600
8081
8100
4827
3495
5999
3652
4871
1348
6652
8593
2961
2577
7137
4805
4641
2479
8861
1247
4729
7282
6262
7230
6956
6165
2673
7784
5302
4904
1746
9205
4777
7034
4934
4783
6566
2115
7171
8265
6081
5186
2932
1265
6815
3450
1919
2824
1825
7029
6564
4974
8368
1302
3621
5493
9827
8277
5763
7922
3496
8250
5010
5558
9634
5740
3161
5808
7657
6657
4974
6228
4379
9711
1427
8925
4241
8621
2184
4116
1898
6858
1496
4815
7549
6174
2309
3246
8488
7282
9640
9929
5294
6966
8236
1599
4717
4273
7118
7529
3471
5532
2590
5910
7562
2947
4287
7223
4268
7435
7836
9279
5408
9179
2818
1056
2795
4118
4054
5293
4719
6348
6928
5156
5023
6060
3765
4470
1914
6994
3558
4166
9267
7478
7588
7124
4111
1053
6390
4553
7906
4274
2833
5383
1224
3828
5543
6519
7136
4196
4843
1949
5109
1679
5394
5102
1036
1953
1567
9700
6753
5898
1470
5343
7681
1550
6914
3886
2860
9697
4661
9652
7649
7585
4440
5098
2878
5377
2188
7728
1414
8110
5800
5270
5232
8261
8956
5812
1603
3384
3875
8184
8327
8482
4713
4861
8318
3664
1139
4346
2033
6949
5822
3273
2000
7758
3264
4802
2894
7609
4533
9188
1527
2494
3696
9162
8758
2675
6311
4192
4648
4506
9783
3366
8904
4416
2821
5763
1891
4402
9760
3698
4080
2132
8651
9323
3718
9211
3859
9353
9961
4230
3548
3116
5787
4106
6503
4089
7379
5307
4600
5520
5938
9687
2879
4128
5905
7160
1222
7088
8418
6007
5276
8289
9214
8981
9352