6620
8449
7611
7858
1179
9098
6919
9327
5170
9677
3991
7233
1153
1693
2183
5864
3012
9737
7205
6226
2697
1275
1724
8895
9978
5988
9283
2272
1558
775
2708
3794
6996
1272
549
6324
9359
2786
9867
5402
5640
9881
8886
8645
8045
8141
705
4645
2646
6702
4251
6071
9348
3681
9150
1358
8725
1255
7965
5867
7972
4438
5986
5221
488
4138
7758
7402
5743
4827
366
215
7790
1785
9531
4311
9693
4303
7004
8511
1787
230
6548
8902
8289
5294
9402
2782
4403
5200
614
5921
5180
2132
1873
7855
5263
9923
7457
8196
8121
2337
1525
1130
4421
1763
168
350
2897
3218
8157
908
2613
5401
8807
6327
5217
1734
6856
5327
8367
1216
3921
2365
3027
4659
8376
4324
2292
5804
2274
669
7262
868
9645
1801
4883
7612
1133
7002
5051
8139
4917
9776
3065
2853
5938
8158
5627
5177
1802
3857
3942
6594
7421
4949
9505
2263
3340
9133
4057
4755
2221
275
8953
6390
9192
6963
4446
7443
2140
1273
7699
9309
245
3939
3173
3021
4445
9678
7058
8616
5270
6918
8518
9879
2
6338
8431
385
495
8804
2226
2335
3808
1924
5730
973
8564
1429
8313
1516
5148
1798
457
6925
9280
5001
1879
8712
402
8150
1241
4764
6434
3492
880
6858
6990
9230
2765
7781
9970
8603
6075
4909
3236
3015
8729
5792
7986
4807
6900
493
4599
5699
229
1684
8314
774
4639
3013
2253
8792
3637
2110
1622
2871
702
8262
6016
1973
3807
2596
8478
6630
9354
1206
646
592
1018
8891
3332
6922
1909
4680
636
2126
1128
4074
8589
2685
5922
3389
7212
7217
1837
7503
1355
7505
4565
6168
9579
9049
9059
805
4495
1047
5745
9602
4434
5512
4048
9593
2286
3345
7132
9016
9551
6621
2609
9392
6041
2739
1112
5574
9977
1805
6450
7328
5374
403
8125
8649
8467
9027
341
4353
2978
1477
6725
3385
2829
8976
1387
9907
345
5719
8303
1779
5858
8593
6768
4055
9091
1944
3838
4871
3767
251
4341
7136
281
5028
3080
7662
8395
6530
2773
86
8386
677
121
3533
2051
3914
3810
6847
9674
6966
5428
8195
8518
1170
2884
4627
1381
4113
3805
4307
724
2514
8585
3134
3148
2873
3289
7673
49
6817
3226
8630
1424
1796
9458
9571
5204
7976
2540
4612
3572
7725
4905
991
1470
5914
9751
753
8403
7786
9292
4140
6408
2187
4438
6314
8574
8089
8982
6582
712
1967
6055
6805
9403
1151
2147
6588
479
7761
962
7404
7504
4157
2764
2224
9616
5024
9526
277
8412
8268
9340
1241
5884
5298
9587
176
6819
3322
1357
382
7385
5770
2667
5267
3862
5956
9503
9011
596
8223
6155
7919
2340
4391
8975
7422
2173
5582
4297
8889
2317
6917
3763
5769
5510
7210
255
5726
1077
8779
8843
9629
7268
4385
4024
820
372
5805
215
2615
7555
5336
9136
3558
7870
3565
5952
4285
9342
9431
2546
3294
1316
1117
1415
1905
7552
9017
8091
3950
4258
7211
1767
5787
1962
6223
3347
9878
9810
3199
8349
3406
98
7961
3553
8109
5728
8092
3240
2332
6073
4905
80
783
5406
3063
9286
9340
1195
6330
5162
1132
25
3424
2403
9955
8588
1716
1783
1252
1190
7275
5382
8067
5839
1168
7465
8864
7990
2086
7815
1815
929
9860
5853
8461
8194
2989
3067
9831
8286
3953
4346
9084
6607
7835
1028
5860
568
9433
5818
3496
6225
2073
5452
1889
2555
6227
6488
7451
7812
7932
8852
761
2854
4101
7139
241
2477
4577
2508
8927
1813
9753
4985
171
9701
576
5821
305
3623
8386
4854
2497
3164
7266
2237
9303
1654
4896
4753
2597
4594
5068
5466
6089
4898
1444
8719
2388
1927
7888
1890
3188
7163
6807
6862
7797
2659
3959
6036
517
1615
7119
502
9780
9041
6184
360
4081
2596
5115
4952
6962
1971
9487
3839
4894
3401
956
319
9631
2812
2130
16
5485
8960
3383
9582
3256
1790
1611
6900
9552
4117
8747
7044
6151
9112
9680
3476
1367
2870
5895
1974
8829
8563
9599
3889
2515
3639
365
4147
9630
8637
702
4671
7205
4211
7694
7146
3422
1019
6369
3790
9712
7831
9074
977
5318
1115
7887
1256
1069
267
8031
7865
7329
9302
1035
1994
9752
2361
7378
418
5274
9735
5741
3896
2394
9071
6768
6005
4680
1774
8551
9407
9968
7251
2878
497
459
1317
4639
6538
1713
4788
1583
7718
9862
4900
1145
3759
968
7766
8836
8368
3093
1591
5791
1512
2939
2340
3044
2880
2318
945
3463
9425
7845
9973
5911
6445
7125
2567
9715
5995
2757
1347
985
8131
1522
1102
4576
2986
3831
160
3215
5685
1316
436
7019
8097
9049
4198
2302
6125
8266
8294
5959
4720
2434
8205
6217
8456
1828
5731
2528
5351
8349
4761
4449
8623
3868
2138
7024
4819
4298
9954
6543
5968
5041
1885
4014
9599
4973
1806
5265
9409
7393
4759
4017
304
498
6473
390
5763
5655
757
8798
5027
8243
3295
8694
7385
6808
1159
6003
267
7876
6053
9894
4834
7882
7078
8763
5795
9066
6875
3669
1501
7956
6271
7259
4276
7204
539
9576
9282
4752
3282
3013
2611
8612
5437
3411
5540
1104
5172
8463
5582
1156
4980
5551
6921
6615
1117
6081
8604
5541
3087
4893
869
2200
5993
8381
4874
6512
8258
6407
8846
3806
3344
8521
4684
3616
677
5954
1169
2694
2789
1803
3527
2763
4918
7039
4033
8504
4581
963
6657
6113
679
4387
4914
9155
8897
2499
9088
4053
2092
6985
2613
1709
2355
6977
9146
8464
5327
9746
1951
4582
9545
1000
1718
5038
8492
7046
2507
1409
4516
1840
7415
3840
3121
9479
6274
8024
8301
8121
9716
7797
4580
5931
7904
7247
8854
9723
8772
3906
8296
9045
542
5801
4906
5526
4180
4708
188
7261
4498
6795
7384
5352
5105
735
3333
4517
3198
6316
3058
5341
2956
6899
6039
2115
2522
7274
588
6310
6299
5773
8933
203
3395
2727
8690
7098
6486
747
1797
1697
6537
8962
8408
6234
7422
2034
6560
2108
4594
7608
3596
7780
4321
9571
9774
306
4411
1743
4090
9988
5063
8370
977
2265
36
6375
970
713
8202
6598
2007
3881
4986
6555
1639
5733
2155
9520
7418
2936
6054
1300
9232
5333
7603
4894
6640
5135
7955
5074
2633
4574
6871
7702
3406
8667
634
3378
1270
3995
9556
4440
673
9010
4928
3543
7572
7194
6019
4973
3420
9866
6768
5749
7707
4887
6153
7733
860
8129
5592
6009
7132
7326
3237
4756
3608
4463
2566
2016
5267
354
9220
3262
2778
65
7700
823
6120
1570
9790
6875
2923
5234
5686
1238
4118
1740
5464
8038
715
4847
8886
8969
5679
2112
6701
2062
8864
6432
2941
9314
8377
6091
5456
3312
4753
4363
371
3676
3237
5573
7204
4020
8676
1754
6435
2291
7722
1170
2907
3634
5189
7463
2459
2093
2102
563
1894
3802
8812
7536
8103
258
8940
1343
6578
6211
5862
4840
2028
7676
3377
4919
61
1996
4903
1693
3513
3499
657
2409
6413
2037
5501
8240
600
3108
9273
2520
2378
8640
7224
7433
2751
6742
1549
862
5900
2114
1442
1339
4772
8684
3476
3874
1519
7200
7110
2796
5934
3077
177
5692
4141
6134
4472
5675
6059
1960
9991
4514
9863
9790
664
9015
509
5989
7599
7048
1712
703
2647
1057
7711
2865
7613
432
4877
1996
7647
3554
9935
4953
544
7991
4839
2924
2535
2244
4302
3017
298
2655
4764
8116
487
5499
2124
9760
2363
2807
9184
3178
4031
8590
5703
2825
4395
7827
5546
1850
5339
6319
4449
3075
9795
6627
8800
8035
7115
5056
5542
460
8722
302
907
366
1325
7595
9289
9293
4440
1032
7564
183
9792
3249
154
3610
8449
7206
1883
214
9009
4703
2196
1550
271
3651
9934
5019
765
349
6974
1468
2638
7850
1786
9868
1559
8009
2464
6166
7035
5575
3984
9433
171
4124
2548
2548
2653
330
7037
5934
7096
7895
4391
9547
6429
1123
7837
3103
9328
274
4716
5986
550
6719
7367
3151
8300
4446
8083
4594
5501
253
8044
4896
6331
2718
6726
8781
2677
4769
1887
7708
4934
1534
1167
9087
6764
6102
4915
9020
8714
4486
4252
6497
7780
1871
4080
9222
4623
8151
9604
425
5505
8159
3518
8039
6873
4597
5551
4167
6118
3924
4012
6071
3917
527
4474
6157
7849
7174
4734
3092
8330
9879
7481
1310
1590
3394
9308
6255
1791
7129
3330
1042
1343
2648
2237
4419
8077
4354
5490
666
3819
3120
5443
2399
7673
6834
7004
5232
9433
9938
179
1959
6393
7103
3885
7565
4215
3305
8063
3356
1209
3704
2546
3801
87
9073
1785
1049
2426
2584
1403
4193
8065
6675
4122
2329
1926
1281
2604
6904
5130
1766
6640
7636
265
889
4913
3917
5042
784
7822
7229
126
6272
4010
8836
7900
1775
8344
3363
3694
636
3778
7015
2337
4
7904
8546
1438
9108
6576
1080
3874
2825
9588
5632
8095
2729
5101
1576
3527
368
6212
4482
7064
9505
57
6509
3645
6191
9475
7287
7861
226
7530
4118
2576
7868
2056
4096
9633
2633
2530
5149
7591
9511
4821
1192
5262
6076
6942
2001
9928
3876
4557
2611
2566
339
971
3279
2574
2447
1341
9043
4738
7234
7865
2850
6013
8988
3294
9222
4651
6375
8516
5708
9318
3922
1550
4042
7225
2202
1601
9479
6431
9557
2487
7046
1179
4422
6163
3272
2469
3311
7945
9497
2261
5161
2122
7348
4739
2718
516
2877
4512
5471
663
7238
999
4299
3119
1719
2077
8869
6664
4515
5090
9076
9068
1796
4566
6890
2550
578
1157
9831
4690
4547
3541
5520
6880
8487
8090
1725
5553
3783
5510
4461
6544
4277
6489
371
5368
4595
1883
5271
9363
3218
7878
5838
5709
6449
9448
8969
6288
1269
2868
4519
9936
6639
3560
9272
5325
2577
8581
9108
1499
2120
6454
4032
4942
9490
4914
4674
5554
2619
3083
1514
150
2343
2118
7948
7462
3660
4062
765
4604
6611
9776
4390
7827
8091
542
2150
2959
9299
1789
889
3484
1277
3007
31
2817
9984
6775
7587
6603
6235
3716
4117
6955
6641
544
7482
7191
620
2339
1612
8584
9636
9050
9904
4398
1552
55
1111
7977
7441
916
1266
4847
1512
4533
3698
5155
5837
2788
5626
9447
7119
6495
6335
7106
2177
2115
4371
6021
4601
7473
552
4104
7816
8456
6858
4219
5129
6766
4376
4951
3708
3047
4908
4026
7679
176
3876
1418
388
9559
1742
8944
1525
2399
7529
2251
3741
1536
6954
8511
362
6966
8928
825
8722
3811
9126
7726
6877
7093
4922
7229
6261
2682
6458
9711
1733
7664
4966
8335
7553
2955
5395
9770
6230
6058
6637
4214
7063
7601
2172
2986
2100
8830
4443
559
4793
8487
4332
7685
4683
7454
8712
9886
8714
278
1864
4603
2833
6201
6033
6524
4105
4815
3261
5456
7011
4858
8107
6880
3769
686
2264
9772
9029
3908
8199
8404
8366
6005
5785
426
7986
4176
986
47
8503
5224
1262
6916
6392
9895
8784
651
4800
5738
2351
5004
8097
525
4058
719
4934
8814
5766
5781
3065
1295
8048
4094
6698
3723
3364
8143
9950
3788
7061
5968
9341
3888
8505
114
1300
1472
305
7001
7960
5062
1674
2788
4871
7511
2486
4465
3431
3097
5137
1618
9509
5948
4216
2807
697
3098
3992
7629
5552
2971
4164
821
8374
9742
5293
6001
2206
4730
2714
21
2048
790
1279
3682
5754
5675
6272
636
4986
9247
5147
7022
1076
2688
8734
1277
2253
4705
9017
5803
2522
9244
9371
8388
9151
295
7245
6888
151
1532
1205
7703
930
8522
6503
6852
7901
6401
4137
7325
7379
554
5755
4388
5692
2833
1159
5153
6358
3031
5259
1663
3378
4588
1607
7774
8147
1616
8759
7256
9883
9132
3086
2208
868
4900
9561
8345
2224
279
8989
4270
3270
1282
5301
2514
6493
7295
8913
696
4383
4986
625
6640
7529
987
7506
960
6908
9165
2857
5458
735
8395
1486
5028
4691
8879
8398
8087
9289
8053
584
6286
8136
6812
7320
2709
9478
7117
9940
6277
4224
1379
4753
5401
6052
6190
4298
4957
6480
3925
6795
7837
9105
8582
8427
4508
526
4807
8544
9860
5506
6227
4854
8254
5051
3493
8659
9403
3144
2739
4430
8878
698
3310
5336
1438
2408
1666
7478
67
7063
9918
8353
4891
1529
718
4762
4189
6319
7287
2111
7531
5201
5725
1974
5626
7469
592
7882
2770
1988
6381
5428
3615
4634
1432
7884
3220
5076
1999
8694
7567
4542
6503
6013
4183
6525
644
9196
9434
2692
5615
8654
5333
8816
4352
6109
7510
2241
6869
8077
8488
2574
5632
9481
7893
9546
9656
5909
2048
6402
2602
8560
3183
5271
5802
146
6711
1128
1598
5507
6331
9135
2654
3923
7982
9598
4835
1110
6968
2193
9608
883
2675
7251
2570
1207
7125
9100
6806
8047
1745
9941
2317
5427
9663
707
1243
2445
4715
4694
5016
7949
2618
6009
2410
8560
8895
8516
4750
2684
4769
5329
7209
3762
7740
1013
3334
8461
6825
6663
1290
3901
2486
69
9217
3266
4353
3154
1862
6245
5376
8114
8095
8179
3828
9110
482
4222
2968
3039
9273
3708
8017
7767
7667
4484
9490
5669
4483
1675
7523
8927
1238
8123
7184
3315
5912
5522
5846
7396
9941
4085
971
3932
3260
5693
3436
880
54
7676
9456
610
6101
8093
6496
8153
479
5749
2119
3037
8708
3569
9624
453
5232
7071
18
1249
8496
6672
2624
9631
6549
5808
3337
3538
2746
1810
7346
1967
3486
9870
7476
630
9134
608
5649
1416
9289
2555
584
8583
2659
7059
276
1835
8419
8288
296
262
1246
5921
7008
8685
4406
4312
6885
4322
6843
3202
8850
2619
6844
5789
8094
1469
5025
5331
5498
9759
8227
7578
9394
8739
5844
8829
3384
4732
4597
4106
7315
8104
1591
9121
3100
7768
6752
3116
3590
2144
1395
1384
522
4896
6860
7125
3270
9789
8159
7132
6000
1547
7871
9251
3531
7665
3388
5245
8019
2668
6955
1424
9604
2971
2087
7938
4793
4377
4449
8202
2070
8129
9083
1694
8356
9694
8194
7344
9276
6344
3785
3311
7186
8762
1854
9811
6228
2799
9722
1091
583
8598
7994
4120
148
8545
3752
385
4047
3777
2101
4092
398
6931
4838
9118
5069
6237
7465
7367
9107
3523
5677
7336
3442
2090
1452
9288
6843
6149
3227
2137
901
6796
9077
7285
2093
1553
3374
7425
3182
4216
7441
3378
1365
7525
3592
7647
1456
4283
9927
8499
386
6261
9411
5995
1646
6890
9217
2375
624
8534
7200
6202
5314
5872
8461
3985
4605
9858
6665
1181
2286
8976
3338
6252
4980
9481
6322
9699
4107
7263
2708
6266
5639
3967
4978
53
4110
8352
8827
612
701
167
7216
6252
7333
4611
3900
194
7170
8495
7733
6535
7993
1048
6069
5997
5355
7208
6587
9375
4592
2857
410
6004
4232
1241
7528
3739
8944
7383
5336
9463
9954
7004
1769
2065
9878
777
9073
170
97
8146
7441
3290
1353
3669
7753
4149
6742
2545
5476
8961
6014
3902
8717
2588
6174
3673
6148
9528
5833
4646
5829
1435
4742
4311
3982
6658
1226
518
245
1752
5674
2073
1047
4366
3214
7988
3124
3110
864
9930
9096
2545
2529
6464
3558
456
7422
2304
4904
66
4050
5605
1266
9010
4951
5654
2951
8392
1688
5767
7909
1535
2314
2367
3114
5358
4645
8164
8791
2775
3909
3270
2452
2600
9101
2199
595
2135
1210
8395
4590
1241
6889
8521
4104
5581
5204
1764
2284
9776
2238
7731
5558
7744
4176
9231
4636
4393
1137
6679
3769
7441
6116
9095
6231
1191
3250
7802
5413
6261
9916
8335
7863
2863
4082
1654
206
5319
2415
4161
3009
6202
9704
78
898
5823
3682
3368
8726
5517
7235
1425
1299
4847
7237
799
6807
9510
6718
8865
4749
7834
7895
9216
1109
4960
390
6116
2023
3926
7253
9059
7185
4853
3952
4624
9430
4762
5948
4297
8134
2200
8969
6536
5153
859
7115
2388
6662
6536
8893
3877
6321
3619
27
4910
9043
1673
9626
3527
5074
3312
2035
9560
5753
7489
2021
7119
2046
3641
924
3577
9932
5875
1049
3673
4843
595
5271
2237
5225
7692
5508
9792
9596
9573
7908
667
7738
286
9802
6826
4193
9175
6687
389
9500
6069
3310
7761
7652
5097
3589
2628
7725
7123
1838
9822
4545
2896
4240
3407
2141
2715
5306
3540
8890
8217
6002
7896
1359
9971
301
1618
6763
8045
7932
3151
3061
1236
8027
1422
1938
1767
8966
6571
4248
3583
8793
7862
7911
9232
5801
4524
3117
7102
1227
2396
4896
852
4971
152
3399
9534
9810
5655
8926
2188
7499
2095
4093
6183
6835
657
5349
7913
6920
2557
9875
7227
6367
531
9862
3114
8144
9664
4640
7323
9066
7618
5794
393
8100
5305
7377
4138
117
1827
4205
1810
9304
7566
6807
8165
3482
6667
2768
2630
5997
4446
3292
5655
1653
824
5842
5416
8525
5712
4035
2164
6930
2849
8928
2308
6957
4467
4349
2105
5315
7161
6869
3867
9952
5776
3230
6340
8651
6065
2469
950
3365
3167
3716
7733
5254
671
2051
6681
239
5570
1214
3898
9574
8237
3604
6368
1097
5626
641
8434
1925
3765
3929
786
3106
6100
886
6628
1619
1629
4258
9064
2092
6825
121
3289
6941
7052
7034
9934
7682
7856
7703
9126
9218
4631
6853
1379
1841
6413
552
7216
6844
225
5225
6421
3195
8627
7208
8311
9410
2011
9822
3176
2710
9240
4788
7950
3618
5205
4733
4424
3578
5144
8182
4296
8472
9502
2331
6707
8954
7476
3002
2433
6585
1461
3970
4154
9649
6963
5976
2404
3708
91
8383
6772
1331
3298
150
7248
3173
3958
4830
709
6606
59
4451
9978
5948
9616
9283
384
5869
4476
7860
8722
1985
7381
3958
1226
787
6291
9552
4146
7680
5540
1964
1627
2937
6871
8641
4503
5402
2652
6769
1000
4313
7981
7991
6013
3310
1758
9475
59
2898
4582
5421
5564
357
6144
8786
5265
3337
5961
3787
2275
3623
1687
2683
452
3479
5581
1798
261
2682
1136
1394
1029
4661
8737
4514
8575
7064
543
9092
3238
4320
3163
1614
8213
7442
4264
4358
6966
8971
6280
8404
1218
1585
2782
7441
1100
4663
1027
5803
6902
426
9073
4113
9987
5826
4553
6961
5232
8334
4325
6726
3322
9527
1474
5719
7694
3297
6550
5202
3438
9139
7145
252
3700
703
4186
3298
4763
5826
7422
2014
1508
429
6312
1167
4008
8491
3816
7902
643
6110
877
6918
7797
2949
4304
8828
3114
1859
7310
5404
271
4111
4355
2873
1720
3908
922
415
5404
9184
9654
6142
5303
6823
6276
2976
9757
7002
1507
2106
4044
4887
9492
6170
4370
6119
7799
1844
4664
9629
7081
3709
343
3971
875
2439
2848
5893
672
989
1078
3746
6126
1610
9113
9300
9279
7957
8262
7922
2070
736
4538
1099
550
4907
6349
4556
6028
1997
1583
4514
5463
702
5842
52
9592
7856
2489
6268
7291
6392
8106
9293
9644
2915
9984
5562
3897
4223
7911
6327
8185
1038
3532
7869
4022
5695
241
6569
5661
6033
1496
2987
8812
5990
2363
3094
5773
8493
7646
6192
5992
2929
3314
3499
8261
4636
3757
4702
6047
9674
1854
9075
2252
7183
3427
3150
3566
6872
4002
6357
3801
2144
9333
237
1355
1654
4519
8882
7085
7654
4162
802
8451
6525
7408
3943
8804
2200
9996
5394
13
8845
3665
3902
170
7249
6107
2821
593
5282
9556
3477
6186
4889
1632
5092
9514
1457
4112
2892
1141
1241
5744
4961
1219
2668
296
1549
940
6262
3980
8658
3234
1831
9338
8467
1569
2267
7355
6527
2081
2925
2830
9063
7071
9401
9276
8487
3629
4687
6557
7911
847
9681
4294
9419
1988
9173
2873
5532
2293
4908
7542
1959
4875
7408
725
4856
9853
6355
6079
3227
9571
6032
2875
2780
5190
2936
3223
6840
8523
8486
1178
3304
8840
1441
1375
7439
2139
5751
1405
2933
870
8288
9553
1265
9923
3416
6309
7007
3523
8499
5585
6326
6627
9918
5676
2784
5110
7715
6203
1915
2285
9290
4386
8329
5140
2167
8918
9762
6762
2608
6219
1815
3546
5920
6074
533
4154
7941
3868
6175
7244
3167
1098
7695
8795
4582
2473
9121
8939
5805
8407
9482
8655
6756
5065
1001
6704
7389
4727
7603
6843
6945
473
4674
3431
4389
4744
7055
4945
7078
7031
3760
9967
5809
9854
3617
5473
8923
6460
814
3396
7067
8572
9977
2663
2226
58
7659
1035
1161
8875
2
5392
5886
9828
533
1725
5390
4874
2875
8836
9242
2567
3624
6901
1198
4461
4804
8494
1921
4042
3480
3316
4508
5860
8873
9867
6221
5266
6416
7739
5572
1097
1761
7451
6296
5594
5323
1988
7138
2022
968
4762
7021
9780
4334
854
688
5753
6230
6314
7583
3418
5141
8693
3016
6251
1046
6137
6675
8537
4434
7648
2997
379
3829
8930
4543
1611
81
1904
4884
255
1065
6196
1356
2990
2183
2258
5797
2876
9942
2871
9706
601
1011
7672
1445
4022
2353
4968
7308
3590
8786
6055
6320
6893
5747
1404
853
4615
233
9527
4923
9684
8737
6822
7878
2787
2200
3745
8231
5265
1925
6948
1693
4313
4679
9778
9444
9829
3663
4375
8756
6515
1349
1292
6896
6077
9984
4506
6400
893
8429
537
3938
1396
2966
3523
8026
236
3037
7936
4418
2159
2904
9230
6390
9714
9733
8927
3936
8812
9419
7861
8552
875
9800
6036
1445
9656
1596
6808
1865
4636
5359
2831
709
7628
7492
4861
2352
7358
7452
4375
6079
4574
2239
5304
1052
4409
6334
1935
8718
7504
4011
6706
9432
7320
3460
560
8984
1256
1039
3771
2562
8601
852
7695
4320
5341
6881
5843
1327
9087
6489
4525
1821
9998
3223
8925
4340
6180
1483
3899
9315
8422
4101
5819
3227
7225
7359
3943
5219
4223
2553
6199
136
7539
387
5597
7008
6667
3356
2110
870
1408
6307
1210
3249
342
2900
2136
4056
3853
9442
5668
3851
3371
9536
4700
5617
7178
2429
3300
7545
8017
5719
1777
7784
5687
325
7664
2088
8921
2732
9064
1596
9309
8049
6904
1797
5759
4245
8978
5925
6740
4223
7605
4644
9584
6761
7475
8315
1886
8183
6298
164
5070
9064
2574
120
1627
8388
2841
9537
4003
9604
6380
4681
1471
588
6253
6330
629
4344
3137
8740
9470
5546
7959
9224
3077
6314
9872
994
2774
2452
7696
8070
6002
3123
1430
8948
6637
1837
1833
4388
9035
8306
7472
6432
500
4248
3778
7524
8923
103
4679
7610
3610
2960
1196
9406
5341
9624
7677
9441
3645
222
5052
8389
83
8367
4225
5433
9242
6584
8614
6346
968
8559
1996
1640
607
8447
2712
4145
1262
7047
7811
2288
5295
4031
6899
2436
9294
7379
5329
6444
212
3665
8795
6614
4618
7885
2721
2628
9743
4542
664
1265
3057
8591
9574
7262
2209
6089
3831
5614
9235
1152
6312
6221
8798
301
1048
6265
1017
3767
498
3471
7943
8738
770
8966
3572
178
4081
5784
3553
1770
4893
3689
2550
798
6050
7733
835
1832
9217
77
7182
940
5394
9712
1834
4226
9699
7755
1224
1560
9958
106
2242
9140
3869
5020
4950
6142
8012
362
9066
6094
5409
3813
8859
6946
3166
702
7588
6624
8017
8057
5271
5706
1355
1940
7882
149
5933
6901
4406
9249
3230
1193
6960
690
5079
6375
9154
5160
3575
3135
1309
6799
5166
552
618
5303
4321
378
9758
1034
7513
2664
9988
1718
3552
7467
714
6173
7478
1955
8102
8057
529
7865
970
951
5198
80
3346
1384
314
9655
5337
4715
5686
7123
5181
357
7672
7034
2242
1936
7718
1739
4507
8308
8466
2153
5749
8816
7060
7291
1806
2717
9929
3320
6076
6722
6253
5549
1787
2144
9669
330
381
2347
7117
87
3736
9754
9238
415
3720
5668
5911
3411
1349
8640
1497
4408
8747
8686
1315
1820
8257
758
2186
7933
6583
2614
1139
7985
535
8189
3435
3654
3016
820
8118
828
1702
3054
7935
8685
8947
3522
6224
1215
5055
8852
9601
1575
5961
6435
8886
8276
5813
2988
4616
1223
3116
1933
944
3620
4250
1975
4742
6560
3833
5344
8787
4746
1671
8250
7580
6382
3740
8620
7493
8075
3162
3111
5891
3204
7116
1219
9833
4905
146
6197
1369
7088
772
5691
922
3951
5636
4240
2638
5035
5593
358
4677
6033
4377
1709
4762
8191
8686
2677
3484
355
8789
7927
4275
2872
7233
1387
4552
4830
6885
4596
2433
1950
4661
7111
5947
2178
4651
2904
4590
1146
8841
7314
7188
897
4931
9102
8928
8496
1736
931
1731
226
9517
6906
2978
1190
3858
9919
8737
900
4478
4620
7082
2003
5402
3448
9610
5941
3986
8710
2538
6391
2553
9987
3204
2819
9767
1237
647
9925
6848
4383
6370
7923
7326
5313
8930
7859
1291
9811
5900
2162
348
6054
767
6501
6821
9224
4937
642
1386
282
7514
6559
5470
7009
9894
204
4906
8840
3715
7320
4303
8256
4348
9314
666
5502
4720
1883
258
2895
9252
4556
8144
3493
2107
4002
8
9991
5515
4315
9396
5111
4659
4780
9856
7952
3803
828
6544
6535
9652
6084
3513
265
6757
9941
169
8480
9249
1456
3399
2215
4376
3190
770
6727
2711
336
8154
3256
296
2082
9867
1428
5067
4778
1980
1950
9944
4924
2911
1169
8630
5260
8154
6286
372
7738
5844
6247
5013
3334
3475
9686
9916
2279
6782
941
2241
9558
3341
8314
79
9378
8648
355
9712
5184
6499
2191
7390
2058
9836
365
8641
244
8663
3460
6676
9419
8277
9074
9404
5644
2104
9549
2244
1222
7596
7114
5107
1062
6234
6946
7165
9180
6815
4645
3303
6197
6440
8867
5687
6729
596
3813
5376
1868
7786
615
9123
2245
3444
478
2167
3102
9058
7082
3834
7134
8694
3310
160
1676
9468
3771
3738
5153
2827
1905
217
5748
9234
8971
75
8936
7266
425
1456
8433
2337
1524
944
1011
6411
6443
1090
7109
8908
6568
4511
8281
4400
2054
5985
2073
682
1524
1526
3169
6782
3818
340
4871
3582
795
2568
3204
7105
5021
4830
838
1016
4948
1079
3672
6544
6585
1714
5005
3907
9714
3253
3242
1355
7469
4155
182
6065
8058
6721
5866
9752
5645
4663
5678
8813
3815
9892
2879
7138
8815
5693
5686
6331
7877
3134
8160
1645
6458
1793
5279
9878
7985
9013
4742
6086
5231
3475
9527
4517
6052
5794
6060
2366
9785
8062
6436
6565
7530
310
3322
7519
5965
4599
7405
7038
5465
3087
8458
2462
9098
2505
5460
6074
2448
8695
6816
2778
4900
1999
9834
1593
5728
8450
6476
9581
5569
7690
450
5242
5684
278
8107
4084
7271
1576
1253
3319
76
3977
7229
9963
7852
6911
328
6232
9539
6859
9559
7423
9651
5979
9401
2940
3456
8366
9498
8445
3891
2924
567
5745
2190
1804
4967
7153
4118
5047
3974
9045
1246
3489
8614
4015
7723
4436
4960
4005
1347
8304
1379
9362
3918
3851
8222
3072
1829
5975
5669
5018
842
5396
9504
1619
6348
2154
3201
1646
9173
4155
5844
8872
5303
6918
1706
9651
2934
8079
1615
8656
503
7037
3488
529
4465
9683
2013
1790
1184
8845
3311
8365
2698
3218
9171
1436
799
613
7502
8600
7284
3168
9753
4731
2358
9757
2195
23
4674
9303
7101
